MEME version 4

ALPHABET= ACGT

strands: + -

Background letter frequencies (from
A 0.25 C 0.25 G 0.25 T 0.25 

MOTIF REST
letter-probability matrix: alength= 4 w= 21 nsites= 20
0.132620993086109 0.108954289292423 0.229179711959925 0.524344569288389
0.0361596009975062 0.167601246105919 0.0909090909090909 0.699875466998755
0.0473225404732254 0.851090342679128 0.0311720698254364 0.0654613466334165
0.905236907730673 0.0187149095446039 0.05875 0.01625
0.0213299874529486 0.0276208411801632 0.952261306532663 0.00628930817610063
0.0767295597484277 0.614707730986801 0.202254226675016 0.113963681903569
0.98314606741573 0.0043640897755611 0.00747663551401869 0.0074719800747198
0.00186799501867995 0.987546699875467 0.00747663551401869 0.00311720698254364
0.0218204488778055 0.923316708229426 0.0124766063630692 0.04375
0.570625 0.126097867001255 0.101694915254237 0.206658291457286
0.137735849056604 0.235849056603774 0.0779384035197989 0.554790231684408
0.0244207889793363 0.00436953807740325 0.966957605985037 0.0043613707165109
0.012453300124533 0.00311332503113325 0.981942714819427 0.00124610591900312
0.876558603491272 0.0698254364089776 0.0211970074812968 0.0318153462258266
0.008125 0.8 0.146173149309912 0.0464532328939109
0.988693467336683 0.00566037735849057 0.00440251572327044 0.00628535512256443
0.026299311208516 0.00814026299311208 0.955056179775281 0.00561097256857855
0.127725856697819 0.627023661270237 0.113947696139477 0.123287671232877
0.22803738317757 0.0193266832917706 0.428927680798005 0.316084788029925
0.132875857766687 0.583125 0.199375 0.0784190715181932
0.112366603892028 0.699748743718593 0.0232704402515723 0.163522012578616
